38.719702 38.819184 39.332198 39.614571 39.515306 38.995468
39.515306 39.614571 40.123328 40.410214 40.311010 39.794908
40.311010 40.410214 40.915297 41.206175 41.107647 40.594481
42.592725 42.502894 42.003337 41.708508 41.798719 42.289671
41.394811 41.107647 41.206175 41.708508 42.003337 41.904747
39.964509 39.687764 39.794908 40.311010 40.594481 40.487794
40.767991 40.487794 40.594481 41.107647 41.394811 41.288115
42.195620 41.904747 42.003337 42.502894 42.800898 42.702817
41.904747 42.195620 42.088990 41.571692 41.288115 41.394811
40.487794 40.767991 40.653594 40.123962 39.850102 39.964509
41.288115 41.571692 41.457269 40.930407 40.653594 40.767991
42.261264 41.737023 41.457269 41.571692 42.088990 42.375719
40.123962 40.653594 40.930407 40.808641 40.273283 40.002187
41.457269 41.737023 41.615175 41.082127 40.808641 40.930407
