284.914029 285.562727 285.719269 285.372040 284.704993 284.556070
284.704993 285.372040 285.531683 285.181570 284.497671 284.345702
284.497671 285.181570 285.344438 284.991431 284.291317 284.135753
285.707687 284.971206 284.801114 285.158125 285.877723 286.055942
283.926422 284.291317 284.991431 285.158125 284.801114 284.085148
283.311690 283.682779 284.345702 284.497671 284.135753 283.456434
283.082904 283.456434 284.135753 284.291317 283.926422 283.230614
283.716381 284.085148 284.801114 284.971206 284.611067 283.878404
284.085148 283.716381 283.004583 282.853960 283.230614 283.926422
283.456434 283.082904 282.408031 282.271018 282.653640 283.311690
283.230614 282.853960 282.162698 282.023043 282.408031 283.082904
281.917078 281.774693 282.162698 282.853960 283.004583 282.624269
282.271018 282.408031 282.023043 281.352819 281.223507 281.617383
282.162698 281.774693 281.088583 280.956862 281.352819 282.023043
